{
  "probes": [
    "happy.sad",
    "angry.calm",
    "fearful.unflinching",
    "disgusted.accepting",
    "powerful.powerless",
    "surprised.unsurprised"
  ],
  "by_subset": {
    "all": {
      "n": 960,
      "pearson": [
        [
          1.0,
          0.002803365146564419,
          -0.828617549286237,
          -0.6485826422666804,
          0.9432466874248031,
          -0.5918995822999957
        ],
        [
          0.002803365146564419,
          1.0,
          0.11456939587643158,
          0.5437449205497175,
          -0.024515944195505075,
          0.4584939413320517
        ],
        [
          -0.828617549286237,
          0.11456939587643158,
          1.0,
          0.6036590509587672,
          -0.813648312894473,
          0.5372741676969466
        ],
        [
          -0.6485826422666804,
          0.5437449205497175,
          0.6036590509587672,
          1.0,
          -0.725709997589051,
          0.8733122779776651
        ],
        [
          0.9432466874248031,
          -0.024515944195505075,
          -0.813648312894473,
          -0.725709997589051,
          1.0,
          -0.687759120287304
        ],
        [
          -0.5918995822999957,
          0.4584939413320517,
          0.5372741676969466,
          0.8733122779776651,
          -0.687759120287304,
          1.0
        ]
      ],
      "spearman": [
        [
          1.0,
          -0.051225779568025556,
          -0.8397597055351065,
          -0.6581845961525106,
          0.9122647406069864,
          -0.6092784221126466
        ],
        [
          -0.051225779568025556,
          1.0,
          0.15870546565733729,
          0.5332800888950622,
          -0.03507882491839711,
          0.43309257587332445
        ],
        [
          -0.8397597055351065,
          0.15870546565733729,
          1.0,
          0.6239738870754912,
          -0.8275019098548508,
          0.5638794360719495
        ],
        [
          -0.6581845961525106,
          0.5332800888950622,
          0.6239738870754912,
          1.0,
          -0.7189527050489617,
          0.8913952357802623
        ],
        [
          0.9122647406069864,
          -0.03507882491839711,
          -0.8275019098548508,
          -0.7189527050489617,
          1.0,
          -0.6829224251684144
        ],
        [
          -0.6092784221126466,
          0.43309257587332445,
          0.5638794360719495,
          0.8913952357802623,
          -0.6829224251684144,
          1.0
        ]
      ]
    },
    "HP": {
      "n": 160,
      "pearson": [
        [
          1.0,
          0.16159239925267785,
          -0.9225271697382088,
          -0.5414461396764823,
          0.8577213491673914,
          -0.5389168360610188
        ],
        [
          0.16159239925267785,
          1.0,
          -0.09384501532871224,
          0.43572449967791654,
          0.21527606045035916,
          0.30772725842651105
        ],
        [
          -0.9225271697382088,
          -0.09384501532871224,
          1.0,
          0.5460016433105457,
          -0.8151641493617383,
          0.4970879224954289
        ],
        [
          -0.5414461396764823,
          0.43572449967791654,
          0.5460016433105457,
          1.0,
          -0.6806642735445421,
          0.7440655253001149
        ],
        [
          0.8577213491673914,
          0.21527606045035916,
          -0.8151641493617383,
          -0.6806642735445421,
          1.0,
          -0.6413667068468132
        ],
        [
          -0.5389168360610188,
          0.30772725842651105,
          0.4970879224954289,
          0.7440655253001149,
          -0.6413667068468132,
          1.0
        ]
      ],
      "spearman": [
        [
          1.0,
          0.060150375939849614,
          -0.9263157894736839,
          -0.5548872180451128,
          0.8345864661654135,
          -0.48721804511278194
        ],
        [
          0.060150375939849614,
          1.0,
          -0.08421052631578946,
          0.42857142857142855,
          0.1413533834586466,
          0.237593984962406
        ],
        [
          -0.9263157894736839,
          -0.08421052631578946,
          1.0,
          0.4691729323308271,
          -0.7864661654135339,
          0.43157894736842106
        ],
        [
          -0.5548872180451128,
          0.42857142857142855,
          0.4691729323308271,
          1.0,
          -0.6781954887218046,
          0.7864661654135339
        ],
        [
          0.8345864661654135,
          0.1413533834586466,
          -0.7864661654135339,
          -0.6781954887218046,
          1.0,
          -0.7368421052631579
        ],
        [
          -0.48721804511278194,
          0.237593984962406,
          0.43157894736842106,
          0.7864661654135339,
          -0.7368421052631579,
          1.0
        ]
      ]
    },
    "LP": {
      "n": 160,
      "pearson": [
        [
          1.0,
          -0.28210478708853737,
          -0.3009985142056919,
          -0.4071035323062979,
          0.6538456417517384,
          -0.10667679618600702
        ],
        [
          -0.28210478708853737,
          1.0,
          0.13984058687193643,
          0.46994336498526257,
          -0.25046175095432177,
          0.6099575982748872
        ],
        [
          -0.3009985142056919,
          0.13984058687193643,
          1.0,
          0.4411874122315737,
          -0.40166007993792774,
          0.45651174369546954
        ],
        [
          -0.4071035323062979,
          0.46994336498526257,
          0.4411874122315737,
          1.0,
          -0.7490019174528285,
          0.520311948795241
        ],
        [
          0.6538456417517384,
          -0.25046175095432177,
          -0.40166007993792774,
          -0.7490019174528285,
          1.0,
          -0.5194569639651482
        ],
        [
          -0.10667679618600702,
          0.6099575982748872,
          0.45651174369546954,
          0.520311948795241,
          -0.5194569639651482,
          1.0
        ]
      ],
      "spearman": [
        [
          1.0,
          -0.3323308270676691,
          -0.4421052631578946,
          -0.4300751879699248,
          0.6646616541353383,
          -0.20601503759398496
        ],
        [
          -0.3323308270676691,
          1.0,
          0.24962406015037586,
          0.4240601503759398,
          -0.25413533834586466,
          0.5759398496240602
        ],
        [
          -0.4421052631578946,
          0.24962406015037586,
          1.0,
          0.5187969924812029,
          -0.4030075187969924,
          0.26315789473684204
        ],
        [
          -0.4300751879699248,
          0.4240601503759398,
          0.5187969924812029,
          1.0,
          -0.7097744360902256,
          0.41954887218045106
        ],
        [
          0.6646616541353383,
          -0.25413533834586466,
          -0.4030075187969924,
          -0.7097744360902256,
          1.0,
          -0.5894736842105264
        ],
        [
          -0.20601503759398496,
          0.5759398496240602,
          0.26315789473684204,
          0.41954887218045106,
          -0.5894736842105264,
          1.0
        ]
      ]
    },
    "HN": {
      "n": 320,
      "pearson": [
        [
          1.0,
          -0.3234203178237458,
          -0.6470579985285476,
          -0.7169216279605612,
          0.8111349226863,
          -0.6212924964559678
        ],
        [
          -0.3234203178237458,
          1.0,
          0.2844298100459416,
          0.6008698783287443,
          -0.24405733870980362,
          0.2354039739022039
        ],
        [
          -0.6470579985285476,
          0.2844298100459416,
          1.0,
          0.48875417869169413,
          -0.5808536979520371,
          0.38106570210774415
        ],
        [
          -0.7169216279605612,
          0.6008698783287443,
          0.48875417869169413,
          1.0,
          -0.6565836280163129,
          0.7768877070006116
        ],
        [
          0.8111349226863,
          -0.24405733870980362,
          -0.5808536979520371,
          -0.6565836280163129,
          1.0,
          -0.6831844870472645
        ],
        [
          -0.6212924964559678,
          0.2354039739022039,
          0.38106570210774415,
          0.7768877070006116,
          -0.6831844870472645,
          1.0
        ]
      ],
      "spearman": [
        [
          1.0,
          -0.2429643527204503,
          -0.5628517823639776,
          -0.5814258911819887,
          0.7435272045028143,
          -0.5662288930581614
        ],
        [
          -0.2429643527204503,
          1.0,
          0.34015009380863037,
          0.6275797373358348,
          -0.21238273921200748,
          0.2696060037523452
        ],
        [
          -0.5628517823639776,
          0.34015009380863037,
          1.0,
          0.37129455909943715,
          -0.5030018761726078,
          0.2703564727954972
        ],
        [
          -0.5814258911819887,
          0.6275797373358348,
          0.37129455909943715,
          1.0,
          -0.5600375234521576,
          0.7174484052532834
        ],
        [
          0.7435272045028143,
          -0.21238273921200748,
          -0.5030018761726078,
          -0.5600375234521576,
          1.0,
          -0.6275797373358348
        ],
        [
          -0.5662288930581614,
          0.2696060037523452,
          0.2703564727954972,
          0.7174484052532834,
          -0.6275797373358348,
          1.0
        ]
      ]
    },
    "LN": {
      "n": 160,
      "pearson": [
        [
          1.0,
          0.020555600480823374,
          -0.6473014872072357,
          -0.685584528817129,
          0.9175483568369373,
          -0.7032007452203446
        ],
        [
          0.020555600480823374,
          1.0,
          0.46316081480624605,
          -0.27428850763231033,
          0.26794652392500773,
          -0.47166990645928253
        ],
        [
          -0.6473014872072357,
          0.46316081480624605,
          1.0,
          0.21222245027983605,
          -0.5619713170980216,
          0.3233662862418065
        ],
        [
          -0.685584528817129,
          -0.27428850763231033,
          0.21222245027983605,
          1.0,
          -0.8120943162943742,
          0.8583595112029347
        ],
        [
          0.9175483568369373,
          0.26794652392500773,
          -0.5619713170980216,
          -0.8120943162943742,
          1.0,
          -0.8791036794756931
        ],
        [
          -0.7032007452203446,
          -0.47166990645928253,
          0.3233662862418065,
          0.8583595112029347,
          -0.8791036794756931,
          1.0
        ]
      ],
      "spearman": [
        [
          1.0,
          -0.019548872180451125,
          -0.57593984962406,
          -0.7052631578947367,
          0.9037593984962407,
          -0.6736842105263158
        ],
        [
          -0.019548872180451125,
          1.0,
          0.4992481203007517,
          -0.2421052631578947,
          0.23308270676691725,
          -0.4541353383458646
        ],
        [
          -0.57593984962406,
          0.4992481203007517,
          1.0,
          0.2150375939849624,
          -0.4721804511278195,
          0.21353383458646616
        ],
        [
          -0.7052631578947367,
          -0.2421052631578947,
          0.2150375939849624,
          1.0,
          -0.8165413533834587,
          0.8781954887218045
        ],
        [
          0.9037593984962407,
          0.23308270676691725,
          -0.4721804511278195,
          -0.8165413533834587,
          1.0,
          -0.849624060150376
        ],
        [
          -0.6736842105263158,
          -0.4541353383458646,
          0.21353383458646616,
          0.8781954887218045,
          -0.849624060150376,
          1.0
        ]
      ]
    },
    "NB": {
      "n": 160,
      "pearson": [
        [
          1.0,
          -0.5202315228662484,
          -0.7862046509173836,
          -0.810517533911127,
          0.877117031636647,
          -0.48172615800778673
        ],
        [
          -0.5202315228662484,
          1.0,
          0.4290887318518565,
          0.7758366117527069,
          -0.5646183709318868,
          0.5636599495165043
        ],
        [
          -0.7862046509173836,
          0.4290887318518565,
          1.0,
          0.645726334833847,
          -0.8868853367891306,
          0.6990407150522432
        ],
        [
          -0.810517533911127,
          0.7758366117527069,
          0.645726334833847,
          1.0,
          -0.7870392356204343,
          0.5712322119871861
        ],
        [
          0.877117031636647,
          -0.5646183709318868,
          -0.8868853367891306,
          -0.7870392356204343,
          1.0,
          -0.7014510382643545
        ],
        [
          -0.48172615800778673,
          0.5636599495165043,
          0.6990407150522432,
          0.5712322119871861,
          -0.7014510382643545,
          1.0
        ]
      ],
      "spearman": [
        [
          1.0,
          -0.49774436090225554,
          -0.6977443609022554,
          -0.837593984962406,
          0.813533834586466,
          -0.3383458646616541
        ],
        [
          -0.49774436090225554,
          1.0,
          0.28270676691729313,
          0.6466165413533834,
          -0.35639097744360904,
          0.3203007518796992
        ],
        [
          -0.6977443609022554,
          0.28270676691729313,
          1.0,
          0.5323308270676692,
          -0.8842105263157893,
          0.7609022556390976
        ],
        [
          -0.837593984962406,
          0.6466165413533834,
          0.5323308270676692,
          1.0,
          -0.6857142857142857,
          0.29624060150375936
        ],
        [
          0.813533834586466,
          -0.35639097744360904,
          -0.8842105263157893,
          -0.6857142857142857,
          1.0,
          -0.6300751879699248
        ],
        [
          -0.3383458646616541,
          0.3203007518796992,
          0.7609022556390976,
          0.29624060150375936,
          -0.6300751879699248,
          1.0
        ]
      ]
    }
  },
  "trio": {
    "all": {
      "happy.sad~fearful.unflinching": {
        "n": 960,
        "pearson": -0.828617549286237,
        "spearman": -0.8397597055351065
      },
      "happy.sad~angry.calm": {
        "n": 960,
        "pearson": 0.002803365146564419,
        "spearman": -0.051225779568025556
      },
      "fearful.unflinching~angry.calm": {
        "n": 960,
        "pearson": 0.11456939587643158,
        "spearman": 0.15870546565733729
      }
    },
    "HP": {
      "happy.sad~fearful.unflinching": {
        "n": 160,
        "pearson": -0.9225271697382088,
        "spearman": -0.9263157894736839
      },
      "happy.sad~angry.calm": {
        "n": 160,
        "pearson": 0.16159239925267785,
        "spearman": 0.060150375939849614
      },
      "fearful.unflinching~angry.calm": {
        "n": 160,
        "pearson": -0.09384501532871224,
        "spearman": -0.08421052631578946
      }
    },
    "LP": {
      "happy.sad~fearful.unflinching": {
        "n": 160,
        "pearson": -0.3009985142056919,
        "spearman": -0.4421052631578946
      },
      "happy.sad~angry.calm": {
        "n": 160,
        "pearson": -0.28210478708853737,
        "spearman": -0.3323308270676691
      },
      "fearful.unflinching~angry.calm": {
        "n": 160,
        "pearson": 0.13984058687193643,
        "spearman": 0.24962406015037586
      }
    },
    "HN": {
      "happy.sad~fearful.unflinching": {
        "n": 320,
        "pearson": -0.6470579985285476,
        "spearman": -0.5628517823639776
      },
      "happy.sad~angry.calm": {
        "n": 320,
        "pearson": -0.3234203178237458,
        "spearman": -0.2429643527204503
      },
      "fearful.unflinching~angry.calm": {
        "n": 320,
        "pearson": 0.2844298100459416,
        "spearman": 0.34015009380863037
      }
    },
    "LN": {
      "happy.sad~fearful.unflinching": {
        "n": 160,
        "pearson": -0.6473014872072357,
        "spearman": -0.57593984962406
      },
      "happy.sad~angry.calm": {
        "n": 160,
        "pearson": 0.020555600480823374,
        "spearman": -0.019548872180451125
      },
      "fearful.unflinching~angry.calm": {
        "n": 160,
        "pearson": 0.46316081480624605,
        "spearman": 0.4992481203007517
      }
    },
    "NB": {
      "happy.sad~fearful.unflinching": {
        "n": 160,
        "pearson": -0.7862046509173836,
        "spearman": -0.6977443609022554
      },
      "happy.sad~angry.calm": {
        "n": 160,
        "pearson": -0.5202315228662484,
        "spearman": -0.49774436090225554
      },
      "fearful.unflinching~angry.calm": {
        "n": 160,
        "pearson": 0.4290887318518565,
        "spearman": 0.28270676691729313
      }
    }
  }
}