{
  "probes": [
    "happy.sad",
    "angry.calm",
    "confident.uncertain",
    "warm.clinical",
    "humorous.serious",
    "creative.conventional",
    "curious.disinterested",
    "direct.indirect",
    "disgusted.accepting",
    "fearful.unflinching",
    "formal.casual",
    "hallucinating.grounded",
    "honest.deceptive",
    "powerful.powerless",
    "surprised.unsurprised",
    "technical.accessible",
    "verbose.concise"
  ],
  "by_subset": {
    "all": {
      "n": 800,
      "pearson": [
        [
          1.0,
          -0.3877179092110402,
          0.4692808398496018,
          -0.094532476344354,
          0.47963802588305476,
          0.1272842499957121,
          -0.2911432721115492,
          -0.3127745088706817,
          -0.4589409536528499,
          -0.7878546277921342,
          -0.4091303344825248,
          -0.2418628828795948,
          -0.10970892301449456,
          0.6373848231720329,
          -0.13638419137675686,
          -0.17983907936456497,
          -0.04607823908395958
        ],
        [
          -0.3877179092110402,
          1.0,
          -0.09241328653166356,
          -0.24212157114983,
          0.2792267841439716,
          0.12932462278569756,
          0.2148607743334543,
          0.4521986220452802,
          0.5541324959706374,
          0.41023715628972274,
          -0.23716484627841009,
          0.6422121970530635,
          0.0778234337399093,
          -0.16218132848432854,
          0.6823328079076173,
          0.2708438724642686,
          0.0849728350507392
        ],
        [
          0.4692808398496018,
          -0.09241328653166356,
          1.0,
          -0.45377624715518794,
          -0.14322258153178344,
          -0.6129194474188748,
          0.5370001985257109,
          0.38610926811102086,
          0.43592635413105896,
          -0.7661272764599261,
          0.1928315491850638,
          0.18602126735396746,
          -0.7886399881518439,
          0.024646354970447704,
          0.4320956507600011,
          0.07229012444328092,
          -0.6303035223987697
        ],
        [
          -0.094532476344354,
          -0.24212157114983,
          -0.45377624715518794,
          1.0,
          0.0031790726918405022,
          0.44859062938699784,
          -0.22549780526375277,
          -0.23190353506931743,
          -0.3109517633932328,
          0.4457932007740248,
          -0.15188459150884043,
          -0.05846608579017949,
          0.41761014155070636,
          -0.02085899821468696,
          -0.4732014769758797,
          -0.373161702718617,
          0.3853957812379668
        ],
        [
          0.47963802588305476,
          0.2792267841439716,
          -0.14322258153178344,
          0.0031790726918405022,
          1.0,
          0.666678767970343,
          -0.5296211950410972,
          -0.4221947536016837,
          -0.4123948106898362,
          -0.14441993564057762,
          -0.8823577539168913,
          0.03559912255542992,
          0.3325835953835364,
          0.4397551499505039,
          -0.024227283148475047,
          -0.25475534757939455,
          0.36348405344251167
        ],
        [
          0.1272842499957121,
          0.12932462278569756,
          -0.6129194474188748,
          0.44859062938699784,
          0.666678767970343,
          1.0,
          -0.5885128834659714,
          -0.3974824696694951,
          -0.5634805293358783,
          0.3235379836231368,
          -0.5477451363853736,
          0.017093044983584833,
          0.6789411415381713,
          0.3319521838554468,
          -0.3933046428794261,
          -0.060839376471657505,
          0.777093505624719
        ],
        [
          -0.2911432721115492,
          0.2148607743334543,
          0.5370001985257109,
          -0.22549780526375277,
          -0.5296211950410972,
          -0.5885128834659714,
          1.0,
          0.6808972801652247,
          0.8784083109480136,
          0.02659965496947189,
          0.5229505766817153,
          0.5565008326638636,
          -0.7308319049195304,
          -0.3714518270085614,
          0.6443734271586092,
          0.3839592845228438,
          -0.4674682191119922
        ],
        [
          -0.3127745088706817,
          0.4521986220452802,
          0.38610926811102086,
          -0.23190353506931743,
          -0.4221947536016837,
          -0.3974824696694951,
          0.6808972801652247,
          1.0,
          0.7373800047921863,
          0.09955857678303187,
          0.5029911114192972,
          0.5912542094646448,
          -0.47567348272423393,
          -0.33768915909265124,
          0.6080442562645745,
          0.5774713188957099,
          -0.23153213978214982
        ],
        [
          -0.4589409536528499,
          0.5541324959706374,
          0.43592635413105896,
          -0.3109517633932328,
          -0.4123948106898362,
          -0.5634805293358783,
          0.8784083109480136,
          0.7373800047921863,
          1.0,
          0.1830582558647478,
          0.40750971993592483,
          0.7008148365319127,
          -0.6023909129340118,
          -0.49599461562149516,
          0.8082208809358413,
          0.33424364790438016,
          -0.43893165897258973
        ],
        [
          -0.7878546277921342,
          0.41023715628972274,
          -0.7661272764599261,
          0.4457932007740248,
          -0.14441993564057762,
          0.3235379836231368,
          0.02659965496947189,
          0.09955857678303187,
          0.1830582558647478,
          1.0,
          0.06157700448701412,
          0.2835650927547064,
          0.4516749708740886,
          -0.34572452146038163,
          0.021185278588829178,
          0.07182935108230046,
          0.37266179149432466
        ],
        [
          -0.4091303344825248,
          -0.23716484627841009,
          0.1928315491850638,
          -0.15188459150884043,
          -0.8823577539168913,
          -0.5477451363853736,
          0.5229505766817153,
          0.5029911114192972,
          0.40750971993592483,
          0.06157700448701412,
          1.0,
          0.031823689807604236,
          -0.3955677829765125,
          -0.3719546305467625,
          0.09095615204654481,
          0.5120517814260931,
          -0.15405772546640942
        ],
        [
          -0.2418628828795948,
          0.6422121970530635,
          0.18602126735396746,
          -0.05846608579017949,
          0.03559912255542992,
          0.017093044983584833,
          0.5565008326638636,
          0.5912542094646448,
          0.7008148365319127,
          0.2835650927547064,
          0.031823689807604236,
          1.0,
          -0.28572878531434576,
          -0.299746258063644,
          0.5821680091166526,
          0.33356644202079866,
          0.034815891861099534
        ],
        [
          -0.10970892301449456,
          0.0778234337399093,
          -0.7886399881518439,
          0.41761014155070636,
          0.3325835953835364,
          0.6789411415381713,
          -0.7308319049195304,
          -0.47567348272423393,
          -0.6023909129340118,
          0.4516749708740886,
          -0.3955677829765125,
          -0.28572878531434576,
          1.0,
          0.07822187906222092,
          -0.5073096779484106,
          -0.21501364480397228,
          0.6092183912871371
        ],
        [
          0.6373848231720329,
          -0.16218132848432854,
          0.024646354970447704,
          -0.02085899821468696,
          0.4397551499505039,
          0.3319521838554468,
          -0.3714518270085614,
          -0.33768915909265124,
          -0.49599461562149516,
          -0.34572452146038163,
          -0.3719546305467625,
          -0.299746258063644,
          0.07822187906222092,
          1.0,
          -0.11658702935124832,
          0.06466200521484441,
          0.14035684817651853
        ],
        [
          -0.13638419137675686,
          0.6823328079076173,
          0.4320956507600011,
          -0.4732014769758797,
          -0.024227283148475047,
          -0.3933046428794261,
          0.6443734271586092,
          0.6080442562645745,
          0.8082208809358413,
          0.021185278588829178,
          0.09095615204654481,
          0.5821680091166526,
          -0.5073096779484106,
          -0.11658702935124832,
          1.0,
          0.36211997318833417,
          -0.33564403048890645
        ],
        [
          -0.17983907936456497,
          0.2708438724642686,
          0.07229012444328092,
          -0.373161702718617,
          -0.25475534757939455,
          -0.060839376471657505,
          0.3839592845228438,
          0.5774713188957099,
          0.33424364790438016,
          0.07182935108230046,
          0.5120517814260931,
          0.33356644202079866,
          -0.21501364480397228,
          0.06466200521484441,
          0.36211997318833417,
          1.0,
          0.27633642578522377
        ],
        [
          -0.04607823908395958,
          0.0849728350507392,
          -0.6303035223987697,
          0.3853957812379668,
          0.36348405344251167,
          0.777093505624719,
          -0.4674682191119922,
          -0.23153213978214982,
          -0.43893165897258973,
          0.37266179149432466,
          -0.15405772546640942,
          0.034815891861099534,
          0.6092183912871371,
          0.14035684817651853,
          -0.33564403048890645,
          0.27633642578522377,
          1.0
        ]
      ],
      "spearman": [
        [
          1.0,
          -0.38720148693472556,
          0.46239092965427364,
          -0.10270404647040181,
          0.48533437039293365,
          0.11674567919153822,
          -0.33260757594505364,
          -0.31620221580372626,
          -0.46889087496839943,
          -0.7785885514915116,
          -0.39968113690326773,
          -0.2194501942533376,
          -0.1408436771167653,
          0.6452574972339058,
          -0.13989559851313332,
          -0.21570588381874056,
          -0.044223666511186095
        ],
        [
          -0.38720148693472556,
          1.0,
          -0.11336110527798487,
          -0.15350362486833505,
          0.2699819207577054,
          0.10052028803102482,
          0.20724508763225497,
          0.43082352197060175,
          0.5245152469775515,
          0.3899121487736385,
          -0.2426240046708726,
          0.6399527649539636,
          0.09276764881564253,
          -0.14846424107352055,
          0.6312520475682791,
          0.2566051574354552,
          0.07590625857166095
        ],
        [
          0.46239092965427364,
          -0.11336110527798489,
          1.0,
          -0.4526951895796601,
          -0.08755769239501832,
          -0.6113926634166514,
          0.5055075428096221,
          0.3773365025644589,
          0.41233151692353154,
          -0.7615735995241395,
          0.15704552740151734,
          0.19434474023690754,
          -0.7960045652978636,
          0.01653742448107068,
          0.4215843139299942,
          0.027410361041194074,
          -0.6282541158084542
        ],
        [
          -0.10270404647040181,
          -0.15350362486833505,
          -0.4526951895796601,
          1.0,
          0.07524415718251604,
          0.5163708657207947,
          -0.2428180381185962,
          -0.19555774878379506,
          -0.2898263045798497,
          0.4592336799607672,
          -0.20871094256514144,
          -0.05021255728207416,
          0.41939006376179827,
          -0.006720609961271876,
          -0.4350154819217553,
          -0.3434351701102095,
          0.38104658371489886
        ],
        [
          0.48533437039293365,
          0.2699819207577054,
          -0.0875576923950183,
          0.07524415718251602,
          1.0,
          0.5699796711312134,
          -0.5218673095368006,
          -0.37651013227775204,
          -0.37802226935954203,
          -0.17945226812702728,
          -0.8578857710688436,
          0.04002362831563137,
          0.24192993199844462,
          0.4257385950515811,
          -0.007452675617393428,
          -0.23733351531332117,
          0.30751587764909694
        ],
        [
          0.11674567919153822,
          0.10052028803102482,
          -0.6113926634166514,
          0.5163708657207947,
          0.5699796711312134,
          1.0,
          -0.601968196819682,
          -0.373081308130813,
          -0.5533033303330334,
          0.320936093609361,
          -0.46586258625862587,
          -0.009864986498649864,
          0.6563336333633364,
          0.36309630963096307,
          -0.41587758775877587,
          -0.03831983198319832,
          0.7619561956195618
        ],
        [
          -0.33260757594505364,
          0.207245087632255,
          0.5055075428096221,
          -0.2428180381185962,
          -0.5218673095368006,
          -0.601968196819682,
          1.0,
          0.6932493249324932,
          0.8859405940594058,
          0.03174317431743174,
          0.512031203120312,
          0.5618241824182418,
          -0.7152115211521152,
          -0.38874287428742876,
          0.6453645364536454,
          0.36688868886888687,
          -0.4735433543354336
        ],
        [
          -0.3162022158037263,
          0.43082352197060175,
          0.37733650256445883,
          -0.19555774878379506,
          -0.37651013227775204,
          -0.373081308130813,
          0.6932493249324932,
          1.0,
          0.7467506750675067,
          0.09647764776477646,
          0.4630783078307831,
          0.6096489648964896,
          -0.4743234323432343,
          -0.31927992799279925,
          0.6303390339033903,
          0.5714131413141315,
          -0.22634263426342632
        ],
        [
          -0.4688908749683995,
          0.5245152469775515,
          0.4123315169235315,
          -0.2898263045798497,
          -0.37802226935954203,
          -0.5533033303330334,
          0.8859405940594058,
          0.7467506750675067,
          1.0,
          0.1699009900990099,
          0.37839783978397834,
          0.7048784878487848,
          -0.5740774077407741,
          -0.5071107110711071,
          0.7963036303630363,
          0.3506390639063906,
          -0.4137173717371737
        ],
        [
          -0.7785885514915115,
          0.3899121487736385,
          -0.7615735995241396,
          0.4592336799607672,
          -0.17945226812702728,
          0.320936093609361,
          0.03174317431743174,
          0.09647764776477646,
          0.1699009900990099,
          1.0,
          0.0929012901290129,
          0.20667266726672665,
          0.48837683768376833,
          -0.320936093609361,
          -0.014365436543654365,
          0.12576057605760574,
          0.3742334233423342
        ],
        [
          -0.3996811369032678,
          -0.2426240046708726,
          0.15704552740151734,
          -0.20871094256514144,
          -0.8578857710688436,
          -0.46586258625862587,
          0.512031203120312,
          0.4630783078307831,
          0.37839783978397834,
          0.0929012901290129,
          1.0,
          0.013237323732373237,
          -0.31876387638763876,
          -0.3512511251125113,
          0.07917191719171918,
          0.5222802280228023,
          -0.10883888388838885
        ],
        [
          -0.2194501942533376,
          0.6399527649539636,
          0.1943447402369075,
          -0.05021255728207416,
          0.04002362831563137,
          -0.009864986498649864,
          0.5618241824182418,
          0.6096489648964896,
          0.7048784878487848,
          0.20667266726672665,
          0.013237323732373237,
          1.0,
          -0.28001200120012004,
          -0.2562136213621362,
          0.5863786378637863,
          0.35566756675667566,
          0.034815481548154815
        ],
        [
          -0.14084367711676526,
          0.09276764881564255,
          -0.7960045652978636,
          0.4193900637617982,
          0.24192993199844462,
          0.6563336333633364,
          -0.7152115211521152,
          -0.4743234323432343,
          -0.5740774077407741,
          0.48837683768376833,
          -0.31876387638763876,
          -0.28001200120012004,
          1.0,
          0.08897689768976898,
          -0.4928052805280528,
          -0.18635463546354633,
          0.5948994899489948
        ],
        [
          0.6452574972339058,
          -0.14846424107352055,
          0.01653742448107068,
          -0.006720609961271876,
          0.42573859505158107,
          0.36309630963096307,
          -0.38874287428742876,
          -0.31927992799279925,
          -0.5071107110711071,
          -0.320936093609361,
          -0.3512511251125113,
          -0.2562136213621362,
          0.08897689768976898,
          1.0,
          -0.1433063306330633,
          0.04082808280828083,
          0.19533153315331533
        ],
        [
          -0.13989559851313332,
          0.6312520475682791,
          0.4215843139299942,
          -0.4350154819217553,
          -0.007452675617393428,
          -0.41587758775877587,
          0.6453645364536454,
          0.6303390339033903,
          0.7963036303630363,
          -0.014365436543654365,
          0.07917191719171918,
          0.5863786378637863,
          -0.4928052805280528,
          -0.1433063306330633,
          1.0,
          0.3785418541854185,
          -0.3452265226522652
        ],
        [
          -0.21570588381874056,
          0.2566051574354552,
          0.027410361041194074,
          -0.3434351701102095,
          -0.23733351531332117,
          -0.03831983198319832,
          0.36688868886888687,
          0.5714131413141315,
          0.3506390639063906,
          0.12576057605760574,
          0.5222802280228023,
          0.35566756675667566,
          -0.18635463546354633,
          0.04082808280828083,
          0.3785418541854185,
          1.0,
          0.26791479147914793
        ],
        [
          -0.044223666511186095,
          0.07590625857166095,
          -0.6282541158084542,
          0.3810465837148988,
          0.3075158776490969,
          0.7619561956195618,
          -0.4735433543354336,
          -0.22634263426342632,
          -0.4137173717371737,
          0.3742334233423342,
          -0.10883888388838885,
          0.034815481548154815,
          0.5948994899489948,
          0.19533153315331533,
          -0.3452265226522652,
          0.26791479147914793,
          1.0
        ]
      ]
    },
    "HP": {
      "n": 160,
      "pearson": [
        [
          1.0,
          -0.6968285638180001,
          0.8649550864627868,
          -0.6621089844119743,
          -0.32624633020552396,
          -0.7869017334070662,
          0.6511342845008763,
          -0.5522854910200912,
          0.09761554702105626,
          -0.8997334315257783,
          0.08410040610891364,
          -0.38898520120109287,
          -0.7786667107672534,
          0.4022516106752808,
          0.28737369196929535,
          -0.072283620951447,
          -0.5861020600372367
        ],
        [
          -0.6968285638180001,
          1.0,
          -0.6961105289906137,
          0.47192023215622314,
          0.7492726876394863,
          0.8781048004734706,
          -0.5835436982646494,
          0.26322813377539056,
          0.13835489669335638,
          0.7451138073407804,
          -0.4474693180503744,
          0.7173513315426973,
          0.7679217757612802,
          -0.32397720922955464,
          0.2287127593873985,
          0.2783850688493641,
          0.7641535654396439
        ],
        [
          0.8649550864627868,
          -0.6961105289906137,
          1.0,
          -0.7124170438037125,
          -0.5513580763278618,
          -0.8631714517979576,
          0.7809215577805111,
          -0.21278494209862833,
          0.3793871076362433,
          -0.8912522487237446,
          0.3458169438083332,
          -0.28219115933538497,
          -0.852476246801747,
          0.0994748691157912,
          0.3048741209106546,
          -0.04366365955096794,
          -0.563226434008324
        ],
        [
          -0.6621089844119743,
          0.47192023215622314,
          -0.7124170438037125,
          1.0,
          0.2643234320246123,
          0.609370017337711,
          -0.3309985139451519,
          0.12170569137422077,
          0.029074687031064125,
          0.8296360279947171,
          -0.32305124300796406,
          0.4645116707953924,
          0.7171056901661859,
          -0.45032984391191744,
          -0.24000772834367198,
          -0.4241749252924602,
          0.3270300640856195
        ],
        [
          -0.32624633020552396,
          0.7492726876394863,
          -0.5513580763278618,
          0.2643234320246123,
          1.0,
          0.7247416687704609,
          -0.45355384852733194,
          -0.23007349803913973,
          -0.10620194938774574,
          0.4433413927703025,
          -0.7948948210659535,
          0.5105945595453484,
          0.47268134125678596,
          0.04241596850260014,
          0.1669684349672223,
          0.2092518457479707,
          0.4775652258537015
        ],
        [
          -0.7869017334070662,
          0.8781048004734706,
          -0.8631714517979576,
          0.609370017337711,
          0.7247416687704609,
          1.0,
          -0.6480965644016644,
          0.2248094598075693,
          -0.07560555994131095,
          0.8052170583914136,
          -0.36531983750387753,
          0.5938966385986499,
          0.814543388984109,
          -0.2450877966376832,
          -0.06936265945034392,
          0.22297183914691468,
          0.7992314649563201
        ],
        [
          0.6511342845008763,
          -0.5835436982646494,
          0.7809215577805111,
          -0.3309985139451519,
          -0.45355384852733194,
          -0.6480965644016644,
          1.0,
          -0.10696482686619786,
          0.5576621458175404,
          -0.5890896899966231,
          0.24114542731223393,
          -0.0023827394905155015,
          -0.8153999914673423,
          -0.0033945178387055665,
          0.3862763040096523,
          -0.1944340882175468,
          -0.46465685606214946
        ],
        [
          -0.5522854910200912,
          0.26322813377539056,
          -0.21278494209862833,
          0.12170569137422077,
          -0.23007349803913973,
          0.2248094598075693,
          -0.10696482686619786,
          1.0,
          0.08011002995071465,
          0.2988909960435552,
          0.5075310319856183,
          0.034146098502171894,
          0.1814326138680342,
          -0.2211016259164534,
          0.005112329279439802,
          0.43390155213269566,
          0.37954793288851646
        ],
        [
          0.09761554702105626,
          0.13835489669335638,
          0.3793871076362433,
          0.029074687031064125,
          -0.10620194938774574,
          -0.07560555994131095,
          0.5576621458175404,
          0.08011002995071465,
          1.0,
          0.008801350466373158,
          0.11160119864919148,
          0.7041985430436974,
          -0.21316016048511177,
          -0.6224233901551833,
          0.5940450478800983,
          -0.2125104024653955,
          0.06830964303004051
        ],
        [
          -0.8997334315257783,
          0.7451138073407804,
          -0.8912522487237446,
          0.8296360279947171,
          0.4433413927703025,
          0.8052170583914136,
          -0.5890896899966231,
          0.2988909960435552,
          0.008801350466373158,
          1.0,
          -0.29897622253269673,
          0.5428148695276078,
          0.8225347766714026,
          -0.3978447060070741,
          -0.1527576648512324,
          -0.16238542689995783,
          0.5152250069905074
        ],
        [
          0.08410040610891364,
          -0.4474693180503744,
          0.3458169438083332,
          -0.32305124300796406,
          -0.7948948210659535,
          -0.36531983750387753,
          0.24114542731223393,
          0.5075310319856183,
          0.11160119864919148,
          -0.29897622253269673,
          1.0,
          -0.3665132964859275,
          -0.3045623650462738,
          -0.0847403399416429,
          -0.09396840796588299,
          0.2538434548257391,
          0.031291403499924354
        ],
        [
          -0.38898520120109287,
          0.7173513315426973,
          -0.28219115933538497,
          0.4645116707953924,
          0.5105945595453484,
          0.5938966385986499,
          -0.0023827394905155015,
          0.034146098502171894,
          0.7041985430436974,
          0.5428148695276078,
          -0.3665132964859275,
          1.0,
          0.40489355546802336,
          -0.6249392212424539,
          0.39716641207492354,
          -0.1080116126244505,
          0.5138807540114739
        ],
        [
          -0.7786667107672534,
          0.7679217757612802,
          -0.852476246801747,
          0.7171056901661859,
          0.47268134125678596,
          0.814543388984109,
          -0.8153999914673423,
          0.1814326138680342,
          -0.21316016048511177,
          0.8225347766714026,
          -0.3045623650462738,
          0.40489355546802336,
          1.0,
          -0.37492695062549697,
          -0.2418236594387554,
          0.026254688142429584,
          0.6634598795276945
        ],
        [
          0.4022516106752808,
          -0.32397720922955464,
          0.0994748691157912,
          -0.45032984391191744,
          0.04241596850260014,
          -0.2450877966376832,
          -0.0033945178387055665,
          -0.2211016259164534,
          -0.6224233901551833,
          -0.3978447060070741,
          -0.0847403399416429,
          -0.6249392212424539,
          -0.37492695062549697,
          1.0,
          -0.0571775475541491,
          0.2770100685332875,
          -0.3510925837739446
        ],
        [
          0.28737369196929535,
          0.2287127593873985,
          0.3048741209106546,
          -0.24000772834367198,
          0.1669684349672223,
          -0.06936265945034392,
          0.3862763040096523,
          0.005112329279439802,
          0.5940450478800983,
          -0.1527576648512324,
          -0.09396840796588299,
          0.39716641207492354,
          -0.2418236594387554,
          -0.0571775475541491,
          1.0,
          0.19841293629952356,
          0.11996066489660479
        ],
        [
          -0.072283620951447,
          0.2783850688493641,
          -0.04366365955096794,
          -0.4241749252924602,
          0.2092518457479707,
          0.22297183914691468,
          -0.1944340882175468,
          0.43390155213269566,
          -0.2125104024653955,
          -0.16238542689995783,
          0.2538434548257391,
          -0.1080116126244505,
          0.026254688142429584,
          0.2770100685332875,
          0.19841293629952356,
          1.0,
          0.5854753424951333
        ],
        [
          -0.5861020600372367,
          0.7641535654396439,
          -0.563226434008324,
          0.3270300640856195,
          0.4775652258537015,
          0.7992314649563201,
          -0.46465685606214946,
          0.37954793288851646,
          0.06830964303004051,
          0.5152250069905074,
          0.031291403499924354,
          0.5138807540114739,
          0.6634598795276945,
          -0.3510925837739446,
          0.11996066489660479,
          0.5854753424951333,
          1.0
        ]
      ],
      "spearman": [
        [
          1.0,
          -0.7774027647202577,
          0.8832919154208634,
          -0.6143590702162632,
          -0.38870883285018953,
          -0.8175158484725078,
          0.6582204809392619,
          -0.5154557647538055,
          0.1427647161854563,
          -0.8430632187372737,
          0.16380372699173412,
          -0.4914111809752023,
          -0.7048068620103054,
          0.38471334045765077,
          0.20437896211812695,
          -0.14426750267161906,
          -0.6101313133820555
        ],
        [
          -0.7774027647202576,
          1.0,
          -0.7285886881170796,
          0.4823013296823099,
          0.6891806153753304,
          0.9121171563791789,
          -0.6281136266334378,
          0.32307279838801234,
          0.08414919399873809,
          0.7768773803097785,
          -0.4372752759577283,
          0.6867175295968447,
          0.7588454101671915,
          -0.34260743270914795,
          0.15477441039053613,
          0.3501207536018924,
          0.8009200071665608
        ],
        [
          0.8832919154208633,
          -0.7285886881170797,
          1.0,
          -0.6758891251123045,
          -0.5165379300459256,
          -0.849180854918429,
          0.8251332554871106,
          -0.1908778204860893,
          0.45540141423059105,
          -0.8521868048473438,
          0.37724671607880644,
          -0.3321574671450846,
          -0.8206243305937384,
          0.1728421209126006,
          0.27955334338907567,
          -0.13677072176562305,
          -0.5155204128088869
        ],
        [
          -0.6143590702162632,
          0.4823013296823099,
          -0.6758891251123045,
          1.0,
          0.21193079211399363,
          0.6478862910455818,
          -0.36528159796769466,
          0.007516082262709767,
          -0.1413023465389436,
          0.7997111527523192,
          -0.37730732958803026,
          0.40737165863886937,
          0.6929827846218404,
          -0.5080871609591803,
          -0.29613364115076485,
          -0.41789417380666305,
          0.29613364115076485
        ],
        [
          -0.3887088328501895,
          0.6891806153753304,
          -0.5165379300459257,
          0.21193079211399365,
          1.0,
          0.6748912043514635,
          -0.47347601196149447,
          -0.19540279858728346,
          -0.10822308844834161,
          0.42387376308933794,
          -0.7695864067437626,
          0.5185689654816369,
          0.4644574212574661,
          0.10221069464565595,
          0.16834702647519806,
          0.36074362816113864,
          0.4990286856229085
        ],
        [
          -0.8175158484725079,
          0.9121171563791789,
          -0.849180854918429,
          0.6478862910455819,
          0.6748912043514635,
          1.0,
          -0.7353383458646614,
          0.20451127819548867,
          -0.07669172932330827,
          0.8691729323308268,
          -0.4526315789473683,
          0.6541353383458645,
          0.8466165413533833,
          -0.3278195488721804,
          -0.08270676691729323,
          0.20601503759398493,
          0.7563909774436087
        ],
        [
          0.6582204809392619,
          -0.6281136266334378,
          0.8251332554871107,
          -0.3652815979676947,
          -0.47347601196149447,
          -0.7353383458646614,
          1.0,
          -0.012030075187969922,
          0.5112781954887217,
          -0.5909774436090225,
          0.24511278195488714,
          -0.13533834586466162,
          -0.819548872180451,
          0.006015037593984961,
          0.3669172932330826,
          -0.23759398496240597,
          -0.4556390977443608
        ],
        [
          -0.5154557647538055,
          0.3230727983880123,
          -0.1908778204860893,
          0.007516082262709766,
          -0.19540279858728346,
          0.20451127819548867,
          -0.012030075187969922,
          1.0,
          0.25112781954887214,
          0.26315789473684204,
          0.5112781954887217,
          0.21353383458646613,
          0.058646616541353364,
          -0.21052631578947364,
          0.08721804511278193,
          0.4225563909774435,
          0.4406015037593984
        ],
        [
          0.14276471618545633,
          0.08414919399873809,
          0.45540141423059105,
          -0.1413023465389436,
          -0.10822308844834161,
          -0.07669172932330827,
          0.5112781954887217,
          0.25112781954887214,
          1.0,
          -0.0857142857142857,
          0.17593984962406012,
          0.5593984962406013,
          -0.2872180451127819,
          -0.5127819548872179,
          0.46315789473684194,
          -0.08120300751879697,
          0.22406015037593982
        ],
        [
          -0.8430632187372737,
          0.7768773803097784,
          -0.8521868048473437,
          0.7997111527523191,
          0.42387376308933794,
          0.8691729323308268,
          -0.5909774436090225,
          0.26315789473684204,
          -0.0857142857142857,
          1.0,
          -0.30375939849624056,
          0.5488721804511277,
          0.7548872180451126,
          -0.4315789473684209,
          -0.09924812030075186,
          -0.10375939849624057,
          0.5218045112781954
        ],
        [
          0.16380372699173412,
          -0.43727527595772825,
          0.37724671607880644,
          -0.37730732958803026,
          -0.7695864067437626,
          -0.4526315789473683,
          0.24511278195488714,
          0.5112781954887217,
          0.17593984962406012,
          -0.30375939849624056,
          1.0,
          -0.32932330827067663,
          -0.36842105263157887,
          -0.010526315789473682,
          -0.13233082706766913,
          0.05413533834586465,
          -0.11729323308270673
        ],
        [
          -0.49141118097520237,
          0.6867175295968447,
          -0.3321574671450846,
          0.4073716586388693,
          0.5185689654816369,
          0.6541353383458645,
          -0.13533834586466162,
          0.21353383458646613,
          0.5593984962406013,
          0.5488721804511277,
          -0.32932330827067663,
          1.0,
          0.36240601503759395,
          -0.6315789473684209,
          0.3142857142857142,
          0.07218045112781954,
          0.7218045112781953
        ],
        [
          -0.7048068620103054,
          0.7588454101671916,
          -0.8206243305937383,
          0.6929827846218405,
          0.4644574212574661,
          0.8466165413533833,
          -0.819548872180451,
          0.058646616541353364,
          -0.2872180451127819,
          0.7548872180451126,
          -0.36842105263157887,
          0.36240601503759395,
          1.0,
          -0.30827067669172925,
          -0.2541353383458646,
          0.09022556390977442,
          0.6300751879699247
        ],
        [
          0.38471334045765077,
          -0.34260743270914795,
          0.1728421209126006,
          -0.5080871609591803,
          0.10221069464565596,
          -0.3278195488721804,
          0.006015037593984961,
          -0.21052631578947364,
          -0.5127819548872179,
          -0.4315789473684209,
          -0.010526315789473682,
          -0.6315789473684209,
          -0.30827067669172925,
          1.0,
          0.0030075187969924805,
          0.43007518796992467,
          -0.3413533834586465
        ],
        [
          0.20437896211812698,
          0.15477441039053613,
          0.27955334338907567,
          -0.29613364115076485,
          0.16834702647519806,
          -0.08270676691729323,
          0.3669172932330826,
          0.08721804511278193,
          0.46315789473684194,
          -0.09924812030075186,
          -0.13233082706766913,
          0.3142857142857142,
          -0.2541353383458646,
          0.0030075187969924805,
          1.0,
          0.2902255639097744,
          0.16240601503759394
        ],
        [
          -0.14426750267161906,
          0.3501207536018924,
          -0.13677072176562305,
          -0.417894173806663,
          0.3607436281611387,
          0.20601503759398493,
          -0.23759398496240597,
          0.4225563909774435,
          -0.08120300751879697,
          -0.10375939849624057,
          0.05413533834586465,
          0.07218045112781954,
          0.09022556390977442,
          0.43007518796992467,
          0.2902255639097744,
          1.0,
          0.5699248120300751
        ],
        [
          -0.6101313133820555,
          0.8009200071665608,
          -0.5155204128088869,
          0.29613364115076485,
          0.4990286856229085,
          0.7563909774436087,
          -0.4556390977443608,
          0.4406015037593984,
          0.22406015037593982,
          0.5218045112781954,
          -0.11729323308270673,
          0.7218045112781953,
          0.6300751879699247,
          -0.3413533834586465,
          0.16240601503759394,
          0.5699248120300751,
          1.0
        ]
      ]
    },
    "LP": {
      "n": 160,
      "pearson": [
        [
          1.0,
          -0.34522984574589455,
          0.8839493337487836,
          -0.5507691976183621,
          0.09614683682436814,
          -0.7695199653864746,
          0.4182869022933425,
          0.12498944819921823,
          0.3964124941548723,
          -0.8394357410990878,
          -0.0028645374966933188,
          0.28053091396565344,
          -0.6159893685482811,
          -0.05216085384601413,
          0.6509726390891932,
          -0.16187386062651393,
          -0.4428190836723251
        ],
        [
          -0.34522984574589455,
          1.0,
          -0.4686233454347723,
          0.4881216348248679,
          0.5377296874522197,
          0.5014089286328929,
          -0.4361337784834655,
          -0.08772427791762333,
          -0.19349866928529624,
          0.48476662690682265,
          -0.6996354356418587,
          0.12081303265296917,
          0.35856737020728735,
          0.22970670568231988,
          -0.03167884394774596,
          -0.28458421562459113,
          0.22318416387909706
        ],
        [
          0.8839493337487836,
          -0.4686233454347723,
          1.0,
          -0.4452060074074926,
          -0.06488794135841963,
          -0.8153696475394643,
          0.6370452883677505,
          0.39850199769200756,
          0.6191221361377566,
          -0.8581293268878057,
          0.11486165815720797,
          0.3917563878121419,
          -0.7276992204732642,
          -0.3087003263239616,
          0.6443817802175577,
          -0.07790879927550631,
          -0.5689685233780564
        ],
        [
          -0.5507691976183621,
          0.4881216348248679,
          -0.4452060074074926,
          1.0,
          0.07864278244122491,
          0.5144669543306422,
          -0.057661063800068794,
          -0.008404391020646414,
          0.11954569870580506,
          0.7596782307246662,
          -0.3963865292258191,
          0.15685297273622603,
          0.25408823775813294,
          -0.07557599528370029,
          -0.2312283746053737,
          -0.49168680708086915,
          -0.04234260529890932
        ],
        [
          0.09614683682436814,
          0.5377296874522197,
          -0.06488794135841963,
          0.07864278244122491,
          1.0,
          0.15062695279783025,
          -0.4213561973534138,
          -0.47001808768620923,
          -0.20228809940199616,
          -0.02733340243532255,
          -0.8544129441103543,
          0.10255681842316866,
          -0.04061717967794915,
          0.12503116360186273,
          0.0066165730614848196,
          -0.4762487648533546,
          0.2562546283206568
        ],
        [
          -0.7695199653864746,
          0.5014089286328929,
          -0.8153696475394643,
          0.5144669543306422,
          0.15062695279783025,
          1.0,
          -0.540389046449584,
          -0.4560205849055019,
          -0.5755457754570554,
          0.7523901378827658,
          -0.26495345637270123,
          -0.30421341610336805,
          0.7222866912877428,
          0.36127861451464927,
          -0.5591677658397685,
          -0.011834982238540476,
          0.45541374186649153
        ],
        [
          0.4182869022933425,
          -0.4361337784834655,
